round,seed,coop,exploit_,exploit,defect
1,512,29226,17558,11823,19393
2,512,27176,17917,11259,21648
3,512,25219,17320,12061,23400
4,512,27434,16888,12430,21248
5,512,26745,16864,12497,21894
6,512,29012,17234,11812,19942
7,512,29158,17253,11886,19703
8,512,29749,17589,11649,19013
9,512,28809,17709,11603,19879
10,512,30661,16913,11856,18570
11,512,29812,16782,12209,19197
12,512,28702,16468,12428,20402
13,512,29015,16487,12131,20367
14,512,29943,16224,12507,19326
15,512,29321,15845,12885,19949
16,512,29493,15728,12820,19959
17,512,29979,15571,13069,19381
18,512,30351,15810,13085,18754
19,512,29597,15814,12668,19921
20,512,26892,16306,12452,22350
21,512,25674,16589,12385,23352
22,512,24580,16749,12126,24545
23,512,24564,16842,12250,24344
24,512,24115,16965,12339,24581
25,512,25702,16401,12529,23368
26,512,26715,15939,12856,22490
27,512,27561,16008,13180,21251
28,512,28142,15671,12929,21258
29,512,27990,15732,12953,21325
30,512,25812,16784,12270,23134
31,512,26369,16505,12389,22737
32,512,23927,17128,12120,24825
33,512,24146,16825,11990,25039
34,512,24163,16919,11873,25045
35,512,25184,17448,11470,23898
36,512,24122,17467,11425,24986
37,512,26058,16619,12542,22781
38,512,26415,16800,12277,22508
39,512,26288,17018,12343,22351
40,512,26880,16684,12345,22091
41,512,26894,16763,12477,21866
42,512,27893,16533,12762,20812
43,512,30291,15374,13312,19023
44,512,28887,15064,13942,20107
45,512,31377,14619,14173,17831
46,512,29653,15058,14194,19095
47,512,29963,14982,14008,19047
48,512,31630,15080,13799,17491
49,512,31434,15238,13953,17375
50,512,30508,15550,13374,18568
51,512,30582,15675,13418,18325
52,512,30564,15473,13415,18548
53,512,28224,16737,12665,20374
54,512,28229,16360,12549,20862
55,512,27868,16617,12615,20900
56,512,28925,16512,12367,20196
57,512,27949,16475,12669,20907
58,512,26465,16346,12859,22330
59,512,24356,15711,13658,24275
60,512,24769,15536,13874,23821
61,512,22852,15997,13240,25911
62,512,24295,15467,13677,24561
63,512,24711,15232,14014,24043
64,512,25499,15280,14157,23064
65,512,25303,15265,14328,23104
66,512,26892,14982,14298,21828
67,512,26901,14795,14289,22015
68,512,27061,15008,14303,21628
69,512,29412,14580,14653,19355
70,512,30101,14501,14580,18818
71,512,30002,14458,14487,19053
72,512,28209,15246,14659,19886
73,512,28384,15067,14478,20071
74,512,28332,15290,14421,19957
75,512,28043,14925,14386,20646
76,512,27768,14908,14331,20993
77,512,27462,15104,14297,21137
78,512,27727,14920,14110,21243
79,512,29320,15788,13316,19576
80,512,30530,14935,13803,18732
81,512,30671,14959,13718,18652
82,512,31103,15060,13475,18362
83,512,29130,16033,12879,19958
84,512,30090,16413,12472,19025
85,512,29133,16431,12716,19720
86,512,27664,16848,12355,21133
87,512,26553,17182,11949,22316
88,512,27088,16908,12229,21775
89,512,27501,17169,12033,21297
90,512,25413,18113,11331,23143
91,512,27420,17467,11490,21623
92,512,27852,17978,11453,20717
93,512,27473,17834,11615,21078
94,512,29193,17394,11817,19596
95,512,30452,16925,11781,18842
96,512,30414,17051,11669,18866
97,512,31890,16467,12241,17402
98,512,31232,16368,12246,18154
99,512,30030,16300,12338,19332
100,512,32644,15828,12578,16950
101,512,32419,15915,12597,17069
102,512,32370,15916,12769,16945
103,512,33357,15614,12821,16208
104,512,35982,15385,12347,14286
105,512,35280,15641,12666,14413
106,512,36869,14621,13075,13435
107,512,34845,15007,13233,14915
108,512,34465,14982,13339,15214
109,512,34758,15091,13229,14922
110,512,35043,14980,13232,14745
111,512,35552,15009,12888,14551
112,512,35748,14999,13168,14085
113,512,35110,15070,13021,14799
114,512,35741,14828,12985,14446
115,512,33847,15235,13020,15898
116,512,34010,15270,12975,15745
117,512,33858,15305,13134,15703
118,512,34151,15222,13020,15607
119,512,31740,14730,13954,17576
120,512,34166,14717,13264,15853
121,512,33442,15097,13481,15980
122,512,31401,14356,14323,17920
123,512,29817,13958,14776,19449
124,512,30392,13893,14880,18835
125,512,30307,13904,14860,18929
126,512,29820,13879,15070,19231
127,512,30423,13715,14969,18893
128,512,31049,13666,15021,18264
129,512,30687,13795,15224,18294
130,512,31192,13531,15297,17980
131,512,31870,13168,15856,17106
132,512,33690,12582,16178,15550
133,512,34293,12326,15918,15463
134,512,34284,12312,16155,15249
135,512,34156,12416,16072,15356
136,512,34576,12436,16133,14855
137,512,33242,13198,15668,15892
138,512,31135,12850,16240,17775
139,512,33121,12750,16120,16009
140,512,35350,13151,15331,14168
141,512,35163,13071,15358,14408
142,512,35472,13167,15271,14090
143,512,34702,12997,15428,14873
144,512,36997,13530,14246,13227
145,512,35534,13789,14268,14409
146,512,35263,13998,14506,14233
147,512,37305,14552,13266,12877
148,512,38006,14350,13108,12536
149,512,40180,13687,13342,10791
150,512,40717,13628,13333,10322
151,512,41089,13689,13184,10038
152,512,43565,13537,12140,8758
153,512,45702,12908,11943,7447
154,512,45041,12974,12167,7818
155,512,42883,13194,13012,8911
156,512,40884,12984,13878,10254
157,512,41427,12910,13718,9945
158,512,41755,12903,13597,9745
159,512,39956,13639,14094,10311
160,512,39920,13641,13902,10537
161,512,40401,13487,14203,9909
162,512,39995,13600,14259,10146
163,512,40258,13389,14247,10106
164,512,40937,13827,13796,9440
165,512,40862,13863,13798,9477
166,512,40985,13745,13699,9571
167,512,43251,14317,12315,8117
168,512,43637,14599,12080,7684
169,512,43946,14532,11883,7639
170,512,41912,14347,13463,8278
171,512,41934,14414,13233,8419
172,512,41830,14328,13490,8352
173,512,41923,14475,13351,8251
174,512,41717,14245,13383,8655
175,512,41772,14263,13236,8729
176,512,39627,13918,14920,9535
177,512,37630,13514,16431,10425
178,512,35538,14025,16551,11886
179,512,37640,13855,16134,10371
180,512,39946,12107,16776,9171
181,512,41846,11239,16501,8414
182,512,41610,11622,16165,8603
183,512,41896,11350,16054,8700
184,512,41478,11451,16065,9006
185,512,43770,12010,14463,7757
186,512,45575,10632,14839,6954
187,512,45538,10793,14772,6897
188,512,46003,10828,14473,6696
189,512,46126,10630,14565,6679
190,512,45963,10739,14666,6632
191,512,46084,10687,14583,6646
192,512,45826,10875,14346,6953
193,512,43472,11865,14659,8004
194,512,41317,12666,15057,8960
195,512,41402,12581,15089,8928
196,512,39134,13945,14744,10177
197,512,37189,13719,16195,10897
198,512,37218,13659,16199,10924
199,512,37046,13581,16091,11282
200,512,38758,12776,16081,10385
201,512,38886,12672,16021,10421
202,512,39064,12604,15869,10463
203,512,38522,12680,16048,10750
204,512,38908,12774,15840,10478
205,512,39122,12426,16042,10410
206,512,41595,12562,14688,9155
207,512,41019,12739,15171,9071
208,512,41121,12465,15010,9404
209,512,38693,14215,14234,10858
210,512,36215,14543,14980,12262
211,512,36062,14272,15006,12660
212,512,35997,14217,15020,12766
213,512,38108,14358,14546,10988
214,512,37683,14225,14151,11941
215,512,39918,13401,13940,10741
216,512,40193,13567,13817,10423
217,512,37739,14962,13284,12015
218,512,37836,15040,13374,11750
219,512,38074,15225,13402,11299
220,512,40155,15740,12219,9886
221,512,37959,15933,12760,11348
222,512,36348,16657,12721,12274
223,512,38283,15874,12799,11044
224,512,36075,16318,12973,12634
225,512,37861,16056,12406,11677
226,512,36148,16787,12282,12783
227,512,33681,18272,11929,14118
228,512,34017,18148,11889,13946
229,512,34029,18068,11995,13908
230,512,33734,17759,11961,14546
231,512,33452,17368,12190,14990
232,512,33399,17402,12165,15034
233,512,33317,17620,12178,14885
234,512,32896,17537,12248,15319
235,512,31025,16825,12982,17168
236,512,30518,16737,12903,17842
237,512,28804,16944,13296,18956
238,512,28449,16985,13030,19536
239,512,28292,17250,13037,19421
240,512,26780,16908,13599,20713
241,512,24984,16570,14322,22124
242,512,26813,17369,13555,20263
243,512,26972,17304,13485,20239
244,512,29293,16834,13576,18297
245,512,28963,17051,13705,18281
246,512,27551,17572,13371,19506
247,512,27234,17795,13312,19659
248,512,27207,17875,13340,19578
249,512,26844,17601,12942,20613
250,512,24731,16761,13935,22573
251,512,24596,16503,13840,23061
252,512,24323,16569,14031,23077
253,512,26488,15948,14470,21094
254,512,27948,15310,14980,19762
255,512,28152,15306,15002,19540
256,512,28205,15012,14849,19934
257,512,30018,14146,15968,17868
258,512,31059,13868,16005,17068
259,512,32302,14404,15204,16090
260,512,32242,14308,15233,16217
261,512,34403,13105,16048,14444
262,512,36149,13035,15331,13485
263,512,36043,13236,15203,13518
264,512,36459,13492,15032,13017
265,512,36780,13813,14692,12715
266,512,37176,13448,14610,12766
267,512,37528,13546,14300,12626
268,512,36205,13241,15219,13335
269,512,36646,13148,15254,12952
270,512,38677,12817,14806,11700
271,512,40680,12368,14251,10701
272,512,39515,12871,14277,11337
273,512,39898,12711,14528,10863
274,512,42579,11458,14718,9245
275,512,44766,10849,14374,8011
276,512,45461,10756,14187,7596
277,512,45409,10802,14266,7523
278,512,45537,10770,14358,7335
279,512,48158,11079,12761,6002
280,512,47640,11218,12791,6351
281,512,47844,11271,12835,6050
282,512,47484,11459,12877,6180
283,512,48160,11233,12707,5900
284,512,48352,11194,12658,5796
285,512,48139,11239,12691,5931
286,512,49262,11087,12129,5522
287,512,48870,11184,12194,5752
288,512,49373,11405,11745,5477
289,512,48540,11948,11715,5797
290,512,49084,11720,11670,5526
291,512,48902,11716,11786,5596
292,512,49243,11621,11687,5449
293,512,48617,11736,11806,5841
294,512,48604,11758,11900,5738
295,512,48806,11777,11775,5642
296,512,48484,11827,11766,5923
297,512,49225,11671,11554,5550
298,512,49468,11579,11701,5252
299,512,49326,11792,11420,5462
300,512,49489,11705,11403,5403
301,512,49603,11993,11334,5070
302,512,49325,11979,11412,5284
303,512,49523,11844,11295,5338
304,512,48559,11840,11771,5830
305,512,48438,11973,11754,5835
306,512,50499,11767,10895,4839
307,512,50111,11948,10978,4963
308,512,50641,11788,10564,5007
309,512,48883,12669,10658,5790
310,512,48468,12732,10875,5925
311,512,48638,12734,10832,5796
312,512,48212,12776,10914,6098
313,512,47839,12674,11149,6338
314,512,47924,12650,10959,6467
315,512,47658,12814,11318,6210
316,512,48435,12355,11209,6001
317,512,49178,12450,10789,5583
318,512,48488,12355,11226,5931
319,512,48426,12261,11318,5995
320,512,48612,12281,11297,5810
321,512,48258,12449,11301,5992
322,512,48774,12221,11224,5781
323,512,48065,12364,11519,6052
324,512,48101,12349,11228,6322
325,512,48096,12374,11203,6327
326,512,47689,12473,11501,6337
327,512,47901,12614,11503,5982
328,512,48285,12244,11177,6294
329,512,48462,12610,11029,5899
330,512,51440,11358,10676,4526
331,512,51035,11517,10856,4592
332,512,50412,11546,11075,4967
333,512,50612,11456,11087,4845
334,512,50282,11562,11145,5011
335,512,50160,11554,11168,5118
336,512,50031,11663,11177,5129
337,512,50519,11317,11062,5102
338,512,49865,11698,11184,5253
339,512,49040,11939,11484,5537
340,512,52013,10656,11355,3976
341,512,52322,10629,10998,4051
342,512,52676,10493,10960,3871
343,512,51717,10731,11420,4132
344,512,49539,11948,11168,5345
345,512,49586,11875,11252,5287
346,512,49155,12117,11219,5509
347,512,49177,12148,11096,5579
348,512,49438,11951,11133,5478
349,512,49298,12096,11178,5428
350,512,49869,11935,10987,5209
351,512,50721,11600,10551,5128
352,512,51507,11458,10553,4482
353,512,51090,11732,10664,4514
354,512,51766,11413,10518,4303
355,512,51312,11452,10596,4640
356,512,53856,9890,10683,3571
357,512,54226,9806,10730,3238
358,512,54392,9614,10722,3272
359,512,54241,9740,10660,3359
360,512,54281,9737,10732,3250
361,512,54038,9840,10811,3311
362,512,53279,10110,10807,3804
363,512,53872,9984,10635,3509
364,512,53610,10121,10831,3438
365,512,52642,10681,10809,3868
366,512,53197,10421,10716,3666
367,512,52319,10497,11154,4030
368,512,50355,10124,12566,4955
369,512,50229,10193,12407,5171
370,512,50651,10370,12124,4855
371,512,50361,10374,12297,4968
372,512,50326,10160,12331,5183
373,512,49707,10401,12533,5359
374,512,50454,10547,12085,4914
375,512,50736,10337,12077,4850
376,512,50207,10493,12174,5126
377,512,47553,10820,12943,6684
378,512,46938,11010,13246,6806
379,512,46139,11349,13433,7079
380,512,49375,10923,12291,5411
381,512,49471,10840,12240,5449
382,512,48821,11049,12400,5730
383,512,48915,11078,12372,5635
384,512,48246,11378,12376,6000
385,512,47418,11540,12659,6383
386,512,47608,11445,12595,6352
387,512,48349,11333,12385,5933
388,512,45947,11261,13442,7350
389,512,45716,11436,13514,7334
390,512,46761,11093,13193,6953
391,512,47095,11065,13147,6693
392,512,46734,11216,13239,6811
393,512,46220,11408,13320,7052
394,512,47218,10906,13113,6763
395,512,46998,11021,13138,6843
396,512,47088,10938,13107,6867
397,512,47543,10708,13237,6512
398,512,47438,10829,13106,6627
399,512,47064,11006,13233,6697
400,512,46642,11295,13249,6814
401,512,46751,11215,13191,6843
402,512,47504,10892,13035,6569
403,512,47034,11096,13064,6806
404,512,47248,10970,13104,6678
405,512,46938,11067,13245,6750
406,512,46426,11160,13422,6992
407,512,46021,11421,13062,7496
408,512,45752,11426,13200,7622
409,512,46858,11016,13212,6914
410,512,47475,10840,13256,6429
411,512,47792,10588,13190,6430
412,512,47497,10746,13196,6561
413,512,49380,10919,12120,5581
414,512,48414,10981,12476,6129
415,512,48801,10943,12406,5850
416,512,48772,10992,12321,5915
417,512,46522,11173,13095,7210
418,512,45837,11239,13395,7529
419,512,46808,11088,13149,6955
420,512,44315,10882,14340,8463
421,512,42430,11917,14182,9471
422,512,45059,12130,12811,8000
423,512,42341,12498,13639,9522
424,512,42693,12425,13571,9311
425,512,42740,12314,13586,9360
426,512,42434,12339,13617,9610
427,512,40356,13744,13170,10730
428,512,39586,13484,13568,11362
429,512,37021,14435,13400,13144
430,512,39919,13336,13381,11364
431,512,39532,13567,13496,11405
432,512,40506,13031,13717,10746
433,512,42398,12117,13810,9675
434,512,44744,12556,12503,8197
435,512,44595,12666,12594,8145
436,512,43992,12476,12788,8744
437,512,44192,12335,13001,8472
438,512,44079,12273,12939,8709
439,512,46564,10857,13429,7150
440,512,47884,10678,12914,6524
441,512,45721,11467,13249,7563
442,512,46012,11479,13341,7168
443,512,45667,11684,13223,7426
444,512,47895,11434,12175,6496
445,512,47016,11681,12325,6978
446,512,45300,12219,12561,7920
447,512,47759,11244,12451,6546
448,512,47442,11511,12424,6623
449,512,47432,11329,12331,6908
450,512,49496,11381,11415,5708
451,512,48668,11670,11594,6068
452,512,47866,12172,11698,6264
453,512,48215,12255,11338,6192
454,512,47629,12359,11440,6572
455,512,49661,11638,11316,5385
456,512,52373,11227,10337,4063
457,512,53095,10976,10358,3571
458,512,53074,10905,10301,3720
459,512,53842,10652,10090,3416
460,512,53280,10721,10263,3736
461,512,52181,10926,10844,4049
462,512,52055,11062,10856,4027
463,512,52144,11042,10901,3913
464,512,52164,10931,10852,4053
465,512,51047,11067,11369,4517
466,512,51142,11120,11342,4396
467,512,50076,11449,11482,4993
468,512,49909,11524,11596,4971
469,512,49914,11602,11702,4782
470,512,49135,11697,12163,5005
471,512,49123,11690,12038,5149
472,512,48286,11733,12136,5845
473,512,48540,11898,12212,5350
474,512,48866,11694,11974,5466
475,512,49794,11380,11829,4997
476,512,50686,11002,11702,4610
477,512,51871,10672,11249,4208
478,512,51297,10818,11384,4501
479,512,51367,10969,11462,4202
480,512,50719,11134,11681,4466
481,512,49955,11417,12010,4618
482,512,49613,11561,12098,4728
483,512,50338,11248,11681,4733
484,512,50435,11194,11851,4520
485,512,50154,11209,11705,4932
486,512,51128,10963,11360,4549
487,512,51264,11058,11417,4261
488,512,50132,11278,11983,4607
489,512,48721,11672,12173,5434
490,512,48935,11592,12232,5241
491,512,48297,11485,12432,5786
492,512,48834,11553,12255,5358
493,512,48103,11650,12539,5708
494,512,47987,11801,12573,5639
495,512,47762,11805,12606,5827
496,512,47134,11843,12484,6539
497,512,46277,12468,12779,6476
498,512,45965,12548,12846,6641
499,512,46233,12547,12857,6363
500,512,45581,12621,13003,6795
501,512,47010,12433,12321,6236
502,512,47001,12373,12510,6116
503,512,46729,12400,12482,6389
504,512,46804,12472,12424,6300
505,512,47030,12404,12487,6079
506,512,47205,12232,12262,6301
507,512,46277,12502,12692,6529
508,512,46066,12550,12677,6707
509,512,45181,13084,12987,6748
510,512,44589,13207,12954,7250
511,512,43820,13509,13299,7372
512,512,43672,13545,13353,7430
513,512,43448,13481,13309,7762
514,512,45349,12974,12782,6895
515,512,45371,13013,12834,6782
516,512,45959,12616,12582,6843
517,512,44454,13151,12252,8143
518,512,45762,13076,11796,7366
519,512,45054,13305,12083,7558
520,512,43461,13767,12306,8466
521,512,45067,13611,11989,7333
522,512,44736,13620,11970,7674
523,512,44569,13708,12017,7706
524,512,44765,13518,12067,7650
525,512,43464,13827,12550,8159
526,512,43984,13616,12522,7878
527,512,44326,13556,12408,7710
528,512,45182,13525,12084,7209
529,512,45251,13327,12185,7237
530,512,44854,13305,12087,7754
531,512,45317,13410,12126,7147
532,512,43999,13446,12543,8012
533,512,44478,13447,12286,7789
534,512,44357,13537,12374,7732
535,512,44857,13426,12352,7365
536,512,45447,13318,12255,6980
537,512,44906,13391,12330,7373
538,512,45061,13260,12159,7520
539,512,43505,13735,12747,8013
540,512,42408,14122,12702,8768
541,512,42934,14067,12728,8271
542,512,41469,14603,12078,9850
543,512,41525,14682,12223,9570
544,512,41770,14705,12005,9520
545,512,40253,14979,12456,10312
546,512,41975,14614,12828,8583
547,512,42683,14519,12572,8226
548,512,43535,14077,12339,8049
549,512,44260,13740,12279,7721
550,512,44271,13832,12270,7627
551,512,45353,13435,11936,7276
552,512,45618,13377,11978,7027
553,512,44274,13559,12216,7951
554,512,43881,13775,12387,7957
555,512,43018,13963,12747,8272
556,512,42022,14041,13233,8704
557,512,42079,14017,13221,8683
558,512,42756,13874,12938,8432
559,512,42657,14007,12978,8358
560,512,41480,14457,13406,8657
561,512,41751,14333,13166,8750
562,512,42633,14017,12945,8405
563,512,42970,13946,12853,8231
564,512,42950,14090,12900,8060
565,512,42832,14082,12835,8251
566,512,43839,13824,12642,7695
567,512,44304,13752,12586,7358
568,512,44343,13823,12460,7374
569,512,44158,13788,12635,7419
570,512,44990,13595,12227,7188
571,512,45469,13525,12296,6710
572,512,45552,13381,12221,6846
573,512,44878,13686,12458,6978
574,512,44412,13737,12695,7156
575,512,44560,13680,12805,6955
576,512,47923,12444,12839,4794
577,512,47397,12465,12925,5213
578,512,48326,12013,12699,4962
579,512,46840,12512,13326,5322
580,512,47895,12256,12798,5051
581,512,48660,11923,12465,4952
582,512,47715,12298,12544,5443
583,512,47317,12404,12780,5499
584,512,47531,12319,12654,5496
585,512,47870,12297,12656,5177
586,512,47680,12347,12601,5372
587,512,48018,12285,12573,5124
588,512,47609,12277,12604,5510
589,512,47638,12338,12759,5265
590,512,47737,12287,12458,5518
591,512,47603,12337,12595,5465
592,512,48710,11940,12425,4925
593,512,48412,11948,12527,5113
594,512,48145,12094,12611,5150
595,512,46690,11612,13392,6306
596,512,46597,11621,13441,6341
597,512,46542,11613,13377,6468
598,512,45928,11861,13680,6531
599,512,46451,11494,13383,6672
600,512,45838,11618,13603,6941
601,512,46476,11661,13454,6409
602,512,45960,11639,13519,6882
603,512,46424,11643,13460,6473
604,512,47126,11289,13296,6289
605,512,46848,11338,13289,6525
606,512,47230,11059,13126,6585
607,512,48971,11526,12429,5074
608,512,48923,11573,12442,5062
609,512,48614,11789,12515,5082
610,512,48885,11637,12541,4937
611,512,48930,11488,12306,5276
612,512,49745,11370,12221,4664
613,512,48694,11811,12714,4781
614,512,47596,11974,12897,5533
615,512,48863,11522,12254,5361
616,512,50142,11582,11858,4418
617,512,49994,11534,11893,4579
618,512,50248,11405,11881,4466
619,512,49431,11643,12157,4769
620,512,49501,11759,12165,4575
621,512,49212,11676,12136,4976
622,512,48512,12006,12483,4999
623,512,50246,11741,11986,4027
624,512,50786,11309,11821,4084
625,512,50898,11236,11677,4189
626,512,51698,11307,11354,3641
627,512,51249,11257,11381,4113
628,512,51153,11301,11521,4025
629,512,51138,11407,11542,3913
630,512,51518,11307,11423,3752
631,512,50814,11435,11662,4089
632,512,50731,11511,11803,3955
633,512,50592,11527,11835,4046
634,512,50652,11523,11686,4139
635,512,47729,12180,12153,5938
636,512,47918,12244,12079,5759
637,512,46893,12242,12511,6354
638,512,45952,12726,12744,6578
639,512,46132,12571,12612,6685
640,512,45485,12832,12785,6898
641,512,45441,12774,12633,7152
642,512,45364,12869,12760,7007
643,512,43289,12842,13243,8626
644,512,43685,12987,13131,8197
645,512,44217,12861,12904,8018
646,512,45314,12811,12636,7239
647,512,45463,12714,12560,7263
648,512,44202,13080,12587,8131
649,512,44340,13121,12583,7956
650,512,44264,13061,12541,8134
651,512,43327,13511,12642,8520
652,512,44343,12959,12447,8251
653,512,43833,13093,12741,8333
654,512,44226,12993,12519,8262
655,512,44668,12987,12404,7941
656,512,44321,13112,12513,8054
657,512,45734,12634,12216,7416
658,512,46417,12408,12176,6999
659,512,46069,12492,12185,7254
660,512,46837,12231,12103,6829
661,512,46290,12483,12014,7213
662,512,45852,12737,12280,7131
663,512,45680,12514,12257,7549
664,512,45036,12636,12533,7795
665,512,42516,12748,13478,9258
666,512,42176,12670,13526,9628
667,512,42009,12620,13591,9780
668,512,42859,12253,13603,9285
669,512,42437,12658,13563,9342
670,512,41802,12514,13925,9759
671,512,40716,12880,14218,10186
672,512,40498,12880,14148,10474
673,512,43537,12567,13103,8793
674,512,44291,12441,13176,8092
675,512,44066,12453,13366,8115
676,512,43682,12496,13291,8531
677,512,46294,11948,13080,6678
678,512,46864,11682,12922,6532
679,512,47698,11449,12761,6092
680,512,46925,11639,12775,6661
681,512,46714,11815,12869,6602
682,512,46386,11983,13015,6616
683,512,47320,11553,12755,6372
684,512,46505,11945,13119,6431
685,512,47516,11599,12689,6196
686,512,48300,11441,12502,5757
687,512,48605,11303,12434,5658
688,512,45646,11178,13733,7443
689,512,46256,10995,13549,7200
690,512,43546,10862,14472,9120
691,512,44183,10890,14529,8398
692,512,43484,11024,14612,8880
693,512,43832,11085,14664,8419
694,512,44628,10705,14530,8137
695,512,45347,10375,14335,7943
696,512,43186,10442,15235,9137
697,512,43075,10243,15408,9274
698,512,42850,10435,15272,9443
699,512,43133,10246,15545,9076
700,512,42451,10113,15869,9567
701,512,42118,10338,15899,9645
702,512,42266,10302,15888,9544
703,512,42371,10159,15768,9702
704,512,42894,10145,15736,9225
705,512,42372,10354,15864,9410
706,512,44235,10579,14835,8351
707,512,42806,11058,15327,8809
708,512,42303,11234,15158,9305
709,512,43699,10627,14897,8777
710,512,44236,10839,14522,8403
711,512,44417,10753,14637,8193
712,512,44298,10824,14606,8272
713,512,43920,10962,14772,8346
714,512,44248,10789,14770,8193
715,512,46741,10905,13713,6641
716,512,46981,10742,13687,6590
717,512,47721,10642,13377,6260
718,512,45075,10268,14641,8016
719,512,45697,10100,14521,7682
720,512,44488,10483,14880,8149
721,512,42221,11921,14284,9574
722,512,42180,11954,14168,9698
723,512,44092,10940,14549,8419
724,512,44165,10763,14598,8474
725,512,44765,10947,14331,7957
726,512,45800,10995,13725,7480
727,512,43381,10778,14961,8880
728,512,43217,10905,14800,9078
729,512,43852,10673,14716,8759
730,512,43288,10932,14766,9014
731,512,41186,10622,15692,10500
732,512,42110,10318,15625,9947
733,512,39770,11420,15487,11323
734,512,41726,11305,14887,10082
735,512,41522,11354,14932,10192
736,512,39729,11168,15670,11433
737,512,39809,11280,16005,10906
738,512,39904,10958,15940,11198
739,512,38379,11417,16087,12117
740,512,39393,11018,15959,11630
741,512,39432,11144,16092,11332
742,512,39571,11163,16118,11148
743,512,41699,11620,14905,9776
744,512,42151,11449,14668,9732
745,512,42073,11443,14658,9826
746,512,42136,11403,14701,9760
747,512,40915,11337,15273,10475
748,512,41334,11209,15109,10348
749,512,40664,11472,15116,10748
750,512,40554,11290,15191,10965
751,512,41743,10812,15127,10318
752,512,41295,11034,15517,10154
753,512,41255,11049,15377,10319
754,512,41295,11084,15485,10136
755,512,41139,11067,15294,10500
756,512,39189,11879,15120,11812
757,512,39396,12006,15092,11506
758,512,36650,11406,16339,13605
759,512,37025,11229,16309,13437
760,512,36346,11620,16411,13623
761,512,36432,11433,16303,13832
762,512,35595,11770,16233,14402
763,512,35610,11748,16265,14377
764,512,35247,11588,16406,14759
765,512,34251,11826,16329,15594
766,512,33457,11532,16512,16499
767,512,32020,11739,16876,17365
768,512,31689,11842,16934,17535
769,512,34204,10998,17165,15633
770,512,34789,11431,16783,14997
771,512,35275,11442,16632,14651
772,512,35715,11115,16888,14282
773,512,37957,11280,16041,12722
774,512,40249,10421,16192,11138
775,512,38050,10078,16938,12934
776,512,35425,11679,16498,14398
777,512,36591,11873,16101,13435
778,512,34572,11596,16634,15198
779,512,36941,11983,15727,13349
780,512,37667,11936,15874,12523
781,512,37688,11792,15824,12696
782,512,38562,12129,15598,11711
783,512,38372,12282,15437,11909
784,512,39257,12261,15454,11028
785,512,39106,12247,15534,11113
786,512,39019,12391,15216,11374
787,512,40526,12326,14448,10700
788,512,38478,13561,14146,11815
789,512,40053,12546,14642,10759
790,512,42735,10772,15164,9329
791,512,43046,10693,15086,9175
792,512,42755,10829,15217,9199
793,512,42893,10808,15180,9119
794,512,43534,10624,14946,8896
795,512,43327,10701,14967,9005
796,512,44022,10545,15259,8174
797,512,43963,10462,15245,8330
798,512,46603,10325,14274,6798
799,512,48645,10243,13032,6080
800,512,48786,10280,13246,5688
801,512,48787,10184,13105,5924
802,512,49104,10038,13006,5852
803,512,48189,10537,13105,6169
804,512,48609,10300,13181,5910
805,512,49248,10144,12882,5726
806,512,48829,10324,13068,5779
807,512,46261,10932,13648,7159
808,512,46193,10931,13808,7068
809,512,45691,11226,13533,7550
810,512,44934,11459,13467,8140
811,512,44675,11431,13472,8422
812,512,47148,11439,12500,6913
813,512,46661,11581,12658,7100
814,512,46488,11537,12679,7296
815,512,47739,10956,12667,6638
816,512,47132,11323,12809,6736
817,512,46753,11441,12751,7055
818,512,46632,11439,12768,7161
819,512,46829,11380,12637,7154
820,512,46976,11373,12703,6948
821,512,46411,11366,12999,7224
822,512,46407,11499,12818,7276
823,512,45972,11257,12962,7809
824,512,46191,11111,12909,7789
825,512,46659,11067,13248,7026
826,512,46605,11079,13112,7204
827,512,46583,10995,13190,7232
828,512,46086,11106,13217,7591
829,512,45132,11209,13546,8113
830,512,45456,10972,13707,7865
831,512,44778,11331,13433,8458
832,512,43546,11721,13775,8958
833,512,43120,11961,13744,9175
834,512,43446,11894,13579,9081
835,512,44182,11707,13452,8659
836,512,43169,11973,13591,9267
837,512,41340,11699,14250,10711
838,512,42127,11879,14090,9904
839,512,40687,12084,14821,10408
840,512,41702,11509,14482,10307
841,512,42221,11555,14271,9953
842,512,42260,11441,14290,10009
843,512,42226,11576,14353,9845
844,512,42182,11509,14353,9956
845,512,41893,11437,14317,10353
846,512,40962,11657,14541,10840
847,512,38250,12499,14703,12548
848,512,37573,12569,14597,13261
849,512,38482,12265,14357,12896
850,512,39032,12547,14473,11948
851,512,37774,12461,14672,13093
852,512,39017,12594,14244,12145
853,512,39531,12112,14789,11568
854,512,37303,12673,14977,13047
855,512,39008,12829,14069,12094
856,512,38945,12918,14029,12108
857,512,39074,13239,14012,11675
858,512,39881,13337,13684,11098
859,512,39538,13553,13607,11302
860,512,39068,13297,13596,12039
861,512,38214,13703,13400,12683
862,512,36395,14125,13675,13805
863,512,35001,13980,14424,14595
864,512,34874,14084,14332,14710
865,512,34886,13925,14456,14733
866,512,35574,13900,14660,13866
867,512,33673,14711,14623,14993
868,512,33684,14748,14547,15021
869,512,35147,14015,14466,14372
870,512,35758,14269,14340,13633
871,512,35054,13940,14560,14446
872,512,33512,14906,14393,15189
873,512,34005,15072,14212,14711
874,512,34183,14954,14363,14500
875,512,34174,14885,14220,14721
876,512,32758,15012,14909,15321
877,512,30973,15841,14827,16359
878,512,29440,16884,14485,17191
879,512,27277,16585,15149,18989
880,512,28827,16167,14696,18310
881,512,28706,16256,14925,18113
882,512,30216,16080,14033,17671
883,512,30102,16198,14189,17511
884,512,30061,16154,14172,17613
885,512,30159,16150,14301,17390
886,512,32097,15376,13965,16562
887,512,30824,15076,14566,17534
888,512,30798,15181,14570,17451
889,512,28738,15861,14132,19269
890,512,27213,16623,14138,20026
891,512,27388,16506,13967,20139
892,512,27638,16566,13699,20097
893,512,27738,16861,13663,19738
894,512,29986,16503,13650,17861
895,512,28487,16805,14251,18457
896,512,29157,17154,14037,17652
897,512,29105,17216,14194,17485
898,512,29207,17296,14042,17455
899,512,30677,16705,13723,16895
900,512,29915,16609,13562,17914
901,512,29193,16277,13644,18886
902,512,31172,15458,14243,17127
903,512,32685,15183,13903,16229
904,512,32495,15108,13898,16499
905,512,32635,15072,14031,16262
906,512,31487,15738,13920,16855
907,512,31239,15659,13936,17166
908,512,30647,15828,13510,18015
909,512,30426,15925,13668,17981
910,512,29494,16074,13564,18868
911,512,30508,16436,13180,17876
912,512,30789,16417,13154,17640
913,512,31058,16580,13173,17189
914,512,30912,16507,13101,17480
915,512,28754,15414,14284,19548
916,512,28591,15539,14428,19442
917,512,31002,14355,15194,17449
918,512,33059,13592,15723,15626
919,512,34082,13396,15602,14920
920,512,34016,13309,15692,14983
921,512,33993,13504,15687,14816
922,512,33836,13424,15615,15125
923,512,33290,13707,15262,15741
924,512,32342,13866,15214,16578
925,512,32241,13747,15153,16859
926,512,30967,14445,15090,17498
927,512,29449,14720,15405,18426
928,512,27440,14630,15660,20270
929,512,25289,14204,16374,22133
930,512,25599,14201,16205,21995
931,512,27248,14267,16009,20476
932,512,28038,14284,16395,19283
933,512,30071,14140,16351,17438
934,512,30860,14195,16530,16415
935,512,30159,14115,16179,17547
936,512,30123,13987,16198,17692
937,512,30872,14072,16550,16506
938,512,31028,14060,16481,16431
939,512,28864,14450,16592,18094
940,512,27996,14815,15973,19216
941,512,30276,15762,14557,17405
942,512,31187,15499,14968,16346
943,512,31036,15686,15084,16194
944,512,31636,15390,15664,15310
945,512,30731,14968,15704,16597
946,512,30760,14850,15693,16697
947,512,29493,15799,15537,17171
948,512,30821,15598,14779,16802
949,512,31599,15994,14964,15443
950,512,30997,15791,14761,16451
951,512,32781,14547,15543,15129
952,512,32359,14151,15767,15723
953,512,32472,14118,15696,15714
954,512,32196,14082,15807,15915
955,512,32942,14567,15638,14853
956,512,32997,14452,15681,14870
957,512,34476,13865,15576,14083
958,512,32383,13095,16718,15804
959,512,33108,12940,16840,15112
960,512,32339,13178,16684,15799
961,512,30581,13089,17342,16988
962,512,30612,13247,17335,16806
963,512,32736,12721,17433,15110
964,512,32008,12755,17159,16078
965,512,29895,13134,17201,17770
966,512,29830,13124,17122,17924
967,512,29325,13077,16843,18755
968,512,29770,13344,17062,17824
969,512,31410,12840,16626,17124
970,512,33293,11927,17360,15420
971,512,33528,11804,17336,15332
972,512,31975,12021,17892,16112
973,512,31761,12131,17886,16222
974,512,34241,12238,17052,14469
975,512,34784,11971,17383,13862
976,512,32645,11199,18741,15415
977,512,32767,11104,18901,15228
978,512,30489,11872,18655,16984
979,512,31284,11780,18929,16007
980,512,31602,11644,18902,15852
981,512,30548,11569,18947,16936
982,512,29176,12656,18435,17733
983,512,29168,12781,18584,17467
984,512,30437,12404,18295,16864
985,512,32097,12566,17198,16139
986,512,34269,12100,17237,14394
987,512,35638,12449,16203,13710
988,512,35887,12400,16133,13580
989,512,36613,12118,16292,12977
990,512,38819,10665,17212,11304
991,512,41632,11162,15475,9731
992,512,41533,11283,15502,9682
993,512,40384,11621,15469,10526
994,512,41510,11500,15127,9863
995,512,41373,11539,15137,9951
996,512,41962,11548,15243,9247
997,512,44786,11815,13327,8072
998,512,42068,12324,14438,9170
999,512,41962,12375,14369,9294
1000,512,41166,12181,14582,10071
